  0.0000    2    2.500   1.0000          evt2
  2.5000    0    2.500   1.0000          NULL 
  5.0000    3    2.500   1.0000          evt3
  7.5000    0    7.500   1.0000          NULL 
 15.0000    2    2.500   1.0000          evt2
 17.5000    0    5.000   1.0000          NULL 
 22.5000    2    2.500   1.0000          evt2
 25.0000    0    5.000   1.0000          NULL 
 30.0000    1    2.500   1.0000          evt1
 32.5000    2    2.500   1.0000          evt2
 35.0000    0    2.500   1.0000          NULL 
 37.5000    3    2.500   1.0000          evt3
 40.0000    0    2.500   1.0000          NULL 
 42.5000    3    2.500   1.0000          evt3
 45.0000    1    2.500   1.0000          evt1
 47.5000    3    2.500   1.0000          evt3
 50.0000    0    2.500   1.0000          NULL 
 52.5000    3    2.500   1.0000          evt3
 55.0000    0    2.500   1.0000          NULL 
 57.5000    1    2.500   1.0000          evt1
 60.0000    2    2.500   1.0000          evt2
 62.5000    0    7.500   1.0000          NULL 
 70.0000    1    2.500   1.0000          evt1
 72.5000    0    2.500   1.0000          NULL 
 75.0000    2    2.500   1.0000          evt2
 77.5000    2    2.500   1.0000          evt2
 80.0000    3    2.500   1.0000          evt3
 82.5000    0    2.500   1.0000          NULL 
 85.0000    2    2.500   1.0000          evt2
 87.5000    3    2.500   1.0000          evt3
 90.0000    2    2.500   1.0000          evt2
 92.5000    0    2.500   1.0000          NULL 
 95.0000    3    2.500   1.0000          evt3
 97.5000    0    5.000   1.0000          NULL 
102.5000    3    2.500   1.0000          evt3
105.0000    0    2.500   1.0000          NULL 
107.5000    2    2.500   1.0000          evt2
110.0000    0   10.000   1.0000          NULL 
120.0000    1    2.500   1.0000          evt1
122.5000    3    2.500   1.0000          evt3
125.0000    1    2.500   1.0000          evt1
127.5000    3    2.500   1.0000          evt3
130.0000    0    5.000   1.0000          NULL 
135.0000    1    2.500   1.0000          evt1
137.5000    0    2.500   1.0000          NULL 
140.0000    3    2.500   1.0000          evt3
142.5000    0    5.000   1.0000          NULL 
147.5000    1    2.500   1.0000          evt1
150.0000    2    2.500   1.0000          evt2
152.5000    2    2.500   1.0000          evt2
155.0000    1    2.500   1.0000          evt1
157.5000    0    5.000   1.0000          NULL 
162.5000    2    2.500   1.0000          evt2
165.0000    2    2.500   1.0000          evt2
167.5000    1    2.500   1.0000          evt1
170.0000    0    5.000   1.0000          NULL 
175.0000    1    2.500   1.0000          evt1
177.5000    0    5.000   1.0000          NULL 
182.5000    1    2.500   1.0000          evt1
185.0000    1    2.500   1.0000          evt1
187.5000    1    2.500   1.0000          evt1
190.0000    3    2.500   1.0000          evt3
192.5000    3    2.500   1.0000          evt3
195.0000    2    2.500   1.0000          evt2
197.5000    0    2.500   1.0000          NULL 
200.0000    3    2.500   1.0000          evt3
202.5000    1    2.500   1.0000          evt1
205.0000    0    2.500   1.0000          NULL 
207.5000    2    2.500   1.0000          evt2
210.0000    0    5.000   1.0000          NULL 
215.0000    3    2.500   1.0000          evt3
217.5000    0    2.500   1.0000          NULL 
220.0000    1    2.500   1.0000          evt1
222.5000    0    2.500   1.0000          NULL 
225.0000    2    2.500   1.0000          evt2
227.5000    0    2.500   1.0000          NULL 
230.0000    1    2.500   1.0000          evt1
232.5000    3    2.500   1.0000          evt3
235.0000    2    2.500   1.0000          evt2
237.5000    0    7.500   1.0000          NULL 
245.0000    1    2.500   1.0000          evt1
247.5000    0    2.500   1.0000          NULL 
250.0000    1    2.500   1.0000          evt1
252.5000    0    2.500   1.0000          NULL 
255.0000    2    2.500   1.0000          evt2
257.5000    0    5.000   1.0000          NULL 
262.5000    3    2.500   1.0000          evt3
265.0000    0    2.500   1.0000          NULL 
267.5000    2    2.500   1.0000          evt2
270.0000    2    2.500   1.0000          evt2
272.5000    0    5.000   1.0000          NULL 
277.5000    1    2.500   1.0000          evt1
280.0000    1    2.500   1.0000          evt1
282.5000    3    2.500   1.0000          evt3
285.0000    0    2.500   1.0000          NULL 
287.5000    3    2.500   1.0000          evt3
290.0000    2    2.500   1.0000          evt2
292.5000    0    7.500   1.0000          NULL 
300.0000    2    2.500   1.0000          evt2
302.5000    1    2.500   1.0000          evt1
305.0000    1    2.500   1.0000          evt1
307.5000    2    2.500   1.0000          evt2
310.0000    0    7.500   1.0000          NULL 
317.5000    2    2.500   1.0000          evt2
320.0000    0    2.500   1.0000          NULL 
322.5000    2    2.500   1.0000          evt2
325.0000    2    2.500   1.0000          evt2
327.5000    3    2.500   1.0000          evt3
330.0000    1    2.500   1.0000          evt1
332.5000    1    2.500   1.0000          evt1
335.0000    1    2.500   1.0000          evt1
337.5000    0    5.000   1.0000          NULL 
342.5000    3    2.500   1.0000          evt3
345.0000    3    2.500   1.0000          evt3
347.5000    1    2.500   1.0000          evt1
350.0000    0    2.500   1.0000          NULL 
352.5000    1    2.500   1.0000          evt1
355.0000    3    2.500   1.0000          evt3
357.5000    3    2.500   1.0000          evt3
360.0000    0    2.500   1.0000          NULL 
362.5000    3    2.500   1.0000          evt3
365.0000    3    2.500   1.0000          evt3
367.5000    1    2.500   1.0000          evt1
370.0000    0    7.500   1.0000          NULL 
377.5000    3    2.500   1.0000          evt3
380.0000    0    5.000   1.0000          NULL 
385.0000    2    2.500   1.0000          evt2
387.5000    0    5.000   1.0000          NULL 
392.5000    3    2.500   1.0000          evt3
395.0000    3    2.500   1.0000          evt3
397.5000    0    5.000   1.0000          NULL 
402.5000    2    2.500   1.0000          evt2
405.0000    0    2.500   1.0000          NULL 
407.5000    2    2.500   1.0000          evt2
410.0000    0    5.000   1.0000          NULL 
415.0000    1    2.500   1.0000          evt1
417.5000    0    5.000   1.0000          NULL 

