  0.0000    2    2.500   1.0000          evt2
  2.5000    0   10.000   1.0000          NULL 
 12.5000    3    2.500   1.0000          evt3
 15.0000    2    2.500   1.0000          evt2
 17.5000    2    2.500   1.0000          evt2
 20.0000    1    2.500   1.0000          evt1
 22.5000    1    2.500   1.0000          evt1
 25.0000    0    5.000   1.0000          NULL 
 30.0000    1    2.500   1.0000          evt1
 32.5000    2    2.500   1.0000          evt2
 35.0000    1    2.500   1.0000          evt1
 37.5000    0    2.500   1.0000          NULL 
 40.0000    3    2.500   1.0000          evt3
 42.5000    2    2.500   1.0000          evt2
 45.0000    2    2.500   1.0000          evt2
 47.5000    0    5.000   1.0000          NULL 
 52.5000    2    2.500   1.0000          evt2
 55.0000    0    2.500   1.0000          NULL 
 57.5000    1    2.500   1.0000          evt1
 60.0000    0    5.000   1.0000          NULL 
 65.0000    1    2.500   1.0000          evt1
 67.5000    1    2.500   1.0000          evt1
 70.0000    0    7.500   1.0000          NULL 
 77.5000    1    2.500   1.0000          evt1
 80.0000    3    2.500   1.0000          evt3
 82.5000    1    2.500   1.0000          evt1
 85.0000    0    2.500   1.0000          NULL 
 87.5000    2    2.500   1.0000          evt2
 90.0000    0    2.500   1.0000          NULL 
 92.5000    2    2.500   1.0000          evt2
 95.0000    0    5.000   1.0000          NULL 
100.0000    3    2.500   1.0000          evt3
102.5000    1    2.500   1.0000          evt1
105.0000    3    2.500   1.0000          evt3
107.5000    0   12.500   1.0000          NULL 
120.0000    2    2.500   1.0000          evt2
122.5000    0    5.000   1.0000          NULL 
127.5000    1    2.500   1.0000          evt1
130.0000    1    2.500   1.0000          evt1
132.5000    3    2.500   1.0000          evt3
135.0000    0    5.000   1.0000          NULL 
140.0000    1    2.500   1.0000          evt1
142.5000    0   10.000   1.0000          NULL 
152.5000    2    2.500   1.0000          evt2
155.0000    0    2.500   1.0000          NULL 
157.5000    1    2.500   1.0000          evt1
160.0000    2    2.500   1.0000          evt2
162.5000    2    2.500   1.0000          evt2
165.0000    0    2.500   1.0000          NULL 
167.5000    2    2.500   1.0000          evt2
170.0000    3    2.500   1.0000          evt3
172.5000    0   10.000   1.0000          NULL 
182.5000    1    2.500   1.0000          evt1
185.0000    0    2.500   1.0000          NULL 
187.5000    2    2.500   1.0000          evt2
190.0000    3    2.500   1.0000          evt3
192.5000    1    2.500   1.0000          evt1
195.0000    1    2.500   1.0000          evt1
197.5000    0    2.500   1.0000          NULL 
200.0000    1    2.500   1.0000          evt1
202.5000    2    2.500   1.0000          evt2
205.0000    1    2.500   1.0000          evt1
207.5000    0    5.000   1.0000          NULL 
212.5000    3    2.500   1.0000          evt3
215.0000    0    5.000   1.0000          NULL 
220.0000    2    2.500   1.0000          evt2
222.5000    1    2.500   1.0000          evt1
225.0000    0    2.500   1.0000          NULL 
227.5000    2    2.500   1.0000          evt2
230.0000    0    2.500   1.0000          NULL 
232.5000    1    2.500   1.0000          evt1
235.0000    0    2.500   1.0000          NULL 
237.5000    3    2.500   1.0000          evt3
240.0000    1    2.500   1.0000          evt1
242.5000    3    2.500   1.0000          evt3
245.0000    2    2.500   1.0000          evt2
247.5000    3    2.500   1.0000          evt3
250.0000    3    2.500   1.0000          evt3
252.5000    0    2.500   1.0000          NULL 
255.0000    1    2.500   1.0000          evt1
257.5000    0    5.000   1.0000          NULL 
262.5000    1    2.500   1.0000          evt1
265.0000    3    2.500   1.0000          evt3
267.5000    3    2.500   1.0000          evt3
270.0000    3    2.500   1.0000          evt3
272.5000    0    5.000   1.0000          NULL 
277.5000    2    2.500   1.0000          evt2
280.0000    2    2.500   1.0000          evt2
282.5000    0    2.500   1.0000          NULL 
285.0000    1    2.500   1.0000          evt1
287.5000    0   12.500   1.0000          NULL 
300.0000    2    2.500   1.0000          evt2
302.5000    2    2.500   1.0000          evt2
305.0000    0    2.500   1.0000          NULL 
307.5000    3    2.500   1.0000          evt3
310.0000    0    2.500   1.0000          NULL 
312.5000    1    2.500   1.0000          evt1
315.0000    0    2.500   1.0000          NULL 
317.5000    3    2.500   1.0000          evt3
320.0000    0    2.500   1.0000          NULL 
322.5000    2    2.500   1.0000          evt2
325.0000    3    2.500   1.0000          evt3
327.5000    3    2.500   1.0000          evt3
330.0000    0   10.000   1.0000          NULL 
340.0000    1    2.500   1.0000          evt1
342.5000    3    2.500   1.0000          evt3
345.0000    0    2.500   1.0000          NULL 
347.5000    3    2.500   1.0000          evt3
350.0000    3    2.500   1.0000          evt3
352.5000    2    2.500   1.0000          evt2
355.0000    3    2.500   1.0000          evt3
357.5000    3    2.500   1.0000          evt3
360.0000    3    2.500   1.0000          evt3
362.5000    0    5.000   1.0000          NULL 
367.5000    2    2.500   1.0000          evt2
370.0000    0    2.500   1.0000          NULL 
372.5000    2    2.500   1.0000          evt2
375.0000    0    2.500   1.0000          NULL 
377.5000    2    2.500   1.0000          evt2
380.0000    1    2.500   1.0000          evt1
382.5000    3    2.500   1.0000          evt3
385.0000    2    2.500   1.0000          evt2
387.5000    0    5.000   1.0000          NULL 
392.5000    3    2.500   1.0000          evt3
395.0000    0    5.000   1.0000          NULL 
400.0000    3    2.500   1.0000          evt3
402.5000    1    2.500   1.0000          evt1
405.0000    0    5.000   1.0000          NULL 
410.0000    2    2.500   1.0000          evt2
412.5000    0    2.500   1.0000          NULL 
415.0000    3    2.500   1.0000          evt3
417.5000    0    2.500   1.0000          NULL 
420.0000    1    2.500   1.0000          evt1

